#tag	x_m	y_m	Z_Base_Tikuna 
bordo_N	4660388.9	9889850.3	96.71 
bordo_N	4728687.1	9805506	38.54 
bordo_N	4793057.6	9745990.9	-32.4 
bordo_N	4853712.3	9721941.9	-51.39 
bordo_N	4941615.3	9718989.9	-66.79 
bordo_N	5057710.6	9742073.9	-89.19 
bordo_N	5144748.7	9779219.1	-71.35 
bordo_N	5220577.1	9800252.2	-19.41 
bordo_N	5323682.1	9800113.5	-57.84 
bordo_N	5472017.2	9791909.4	-73.14 
bordo_N	5594938.2	9780508.5	-10.33 
bordo_N	5689234	9769780.5	-45.59 
bordo_N	5766521.1	9760114	25.06 
bordo_S	5689272.4	9231230.1	40.3 
bordo_S	5618778	9213771.8	10.33 
bordo_S	5518329.2	9201508.3	7.58 
bordo_S	5435415.7	9195127.4	-38.06 
bordo_S	5338821.5	9183295.3	-45 
bordo_S	5308773.1	9198599.8	-66.88 
bordo_S	5216757.5	9236953.7	-111.14 
bordo_S	5134877.2	9272396.3	-639.8 
bordo_S	5057819.6	9302422.4	-288.8 
bordo_S	5001507	9312780.4	-346.8 
bordo_S	4962050.1	9273313.4	-321.3 
bordo_S	4933201.9	9208837.3	-270.6 
bordo_S	4896259	9120416.4	-255.1 
bordo_S	4870283.1	9037354.3	-316.6 
bordo_S	4852889.4	8958306.5	-263.8 
bordo_S	4857548.8	8910237.2	-190.63 
bordo_S	4890691.8	8885161.1	-105.37 
bordo_S	4940038.6	8874089.3	-103 
bordo_S	5017776.3	8865592.1	-100 
bordo_S	5101776.4	8824700.9	-167.2 
bordo_E	5771342	9778542.2	28.75 
bordo_E	5760101.3	9735573.8	-33.19 
bordo_E	5753472.6	9700980.4	-111.98 
bordo_E	5747376.9	9669002	-185.28 
bordo_E	5781835.7	9637704.8	-237.39 
bordo_E	5787728.3	9595283.3	-303.5 
bordo_E	5809581.7	9548714.6	-309.85 
bordo_E	5861153	9509615.1	-279.9 
bordo_E	5923715.2	9478887.5	-250.92 
bordo_E	5938100.7	9465715.1	-230.16 
bordo_E	5941323.6	9449785.3	-206.72 
bordo_E	5903640.3	9401117.9	-164.9 
bordo_E	5888069	9386449.2	-155.21 
bordo_E	5872429.7	9354339	-148.8 
bordo_E	5836743.2	9322946.2	-138.7 
bordo_E	5724527.8	9297504.4	-172.45 
bordo_E	5711910.5	9289710	-150.62 
bordo_E	5717943.6	9268372	-98.51 
bordo_E	5734304.1	9245043.2	-41.38 
bordo_W	5031874.2	8768711.4	-315 
bordo_W	4979498.6	8761828.3	-560 
bordo_W	4917233.2	8772964.6	-374 
bordo_W	4848822.4	8770064.7	-367 
bordo_W	4769052.4	8791309.4	-223 
bordo_W	4714494.6	8778836.1	-293 
bordo_W	4651760.4	8772710.6	-288 
bordo_W	4635254.9	8702164.5	267 
bordo_W	4607075.6	8679632.4	386 
bordo_W	4564769.1	8647954	754 
bordo_W	4524358.7	8705067.9	777 
bordo_W	4483693.9	8742743.5	236 
bordo_W	4432470.6	8864026.4	320 
bordo_W	4400062.7	8923613.4	773 
bordo_W	4310357.9	8918234.6	198 
bordo_W	4270713.7	8990504.8	530 
bordo_W	4249464.1	9090403.1	749 
bordo_W	4258004.7	9155252.1	642 
bordo_W	4232439.2	9208328.3	326 
bordo_W	4250503.2	9266948.5	137 
bordo_W	4190052.2	9291830.1	223 
bordo_W	4161243.8	9319258.9	432 
bordo_W	4141177.4	9365490.7	403 
bordo_W	4103257.8	9404084.3	269 
bordo_W	4049260.5	9429008.6	207 
bordo_W	4025508.4	9468643.5	372 
bordo_W	4050081.2	9507040.7	124 
bordo_W	4041336.4	9594019.1	253 
bordo_W	4018050.3	9663710	147 
bordo_W	4025902.3	9772829.4	332 
bordo_W	3991453.5	9811437.5	1847 
bordo_W	3984816.1	9842295.2	1944 
bordo_W	4006829.5	9875872	341 
bordo_W	4019337.5	9924884.9	1345 
bordo_W	4030029.8	9949296.2	2675 
bordo_W	4037357.1	10008271	998 
bordo_W	4070444.5	10043685	720 
bordo_W	4097107.6	10081792	920 
bordo_W	4146000.4	10131670	1056 
bordo_W	4201054.8	10141461	163 
bordo_W	4254348.4	10177123	120 
bordo_W	4301249.9	10183532	87 
bordo_W	4336466.1	10227315	102 
bordo	4353941.3	10288203	590 
bordo	4381407.3	10283925	234 
bordo	4387429.6	10257206	-67 
bordo	4432532.9	10232916	-186 
bordo	4489979.2	10212704	-398 
bordo	4525937.7	10195239	-325 
bordo	4540747.7	10168490	110 
bordo	4520600.6	10098651	-250 
bordo	4518549.3	10049620	-240 
bordo	4524537.8	10000682	-452 
bordo	4525397.8	9959246.5	-532 
bordo	4541981.2	9942732.3	-547 
bordo	4565024.5	9941561.3	-239 
bordo	4590026.4	9893058.4	-439 
bordo	4628596.1	9884924.5	-439 
bordo	4675987.4	9892267.1	-432 
1AJ0001	5283464.02	9449092.59	-704 
1ANG0001	5416184.57	9439347.23	-617 
2BTST0001	4894705.88	9513853.82	-645 
1BV0001	5397582.76	9535524.13	-603 
1CAT0001	5458702.96	9492851.73	-621.8 
1CI0001	5244207.25	9453701.51	-661 
1CP0001	5388090.56	9452719.60	-634 
1CR0001	5456767.58	9513946.04	-610.5 
1CRP0001	5395473.61	9440015.69	-631 
2CSST0001	5643278.24	9546161.08	-446 
1CUP0001	5401443.10	9444592.32	-642.9 
2EPST0001	4911297.82	9259747.45	-518 
2FBST0001	5324362.99	9610540.21	-431 
2FBST0002	5330489.78	9635588.65	-290.4 
2FGST0001	4818064.81	9246361.25	-1485.3 
1GUA0001	5345359.16	9465567.42	-678.57 
1GV0001	5221205.55	9463138.67	-596 
1IA0001	5505176.62	9505631.00	-629.2 
1ICT0001	5327087.29	9506356.97	-622 
1IMA0001	5387657.04	9431739.78	-649 
1IMR0001	5154280.22	9407158.35	-547 
1IMT0001	5440292.70	9465115.02	-595.3 
3IMT0002	5438100.30	9463024.19	-592.7 
3IMT0003	5438819.07	9464215.83	-597.6 
3IMT0004	5436316.32	9463244.82	-605.7 
4IMT0005	5442717.13	9465944.05	-591.8 
1INA0001	5360461.84	9407720.32	-602 
1IP0001	5277596.91	9458115.73	-666.44 
3IP0002	5275088.48	9457756.26	-671.92 
1IPA0001	5504067.93	9469934.06	-572 
1IPC0001	5205645.65	9402271.10	-555 
1IPX0001	5182354.28	9452675.03	-585 
1IT0001	5294514.58	9460314.40	-699.5 
2JAST0001	5167595.03	9387089.01	-513 
1JB0001	5190203.02	9431312.08	-568 
1JD0001	4886753.10	9380817.28	-861 
1JI0001	5292930.24	9464669.42	-680.98 
3JI0002	5295538.58	9465070.90	-671.93 
3JI0003	5291325.70	9465481.03	-670.36 
3JI0004	5297309.45	9467089.21	-661.2 
1JOB0001	5333965.88	9473221.92	-694 
1JOB0001A	5333962.49	9473224.35	-694 
1JR0001	5304649.53	9470202.70	-660 
3JR0002	5303243.58	9471594.83	-669.7 
3JR0003	5306335.05	9471857.26	-664.8 
3JR0004	5300716.54	9468484.98	-660.6 
1JT0002	4994450.60	9399501.77	-517 
1JT0003	4977147.80	9370815.59	-458 
1JT0004	4990432.11	9394035.40	-470.6 
1JT0005	5000890.46	9420044.21	-476 
2JTST0001	5119648.17	9525662.61	-640 
2LAC0001	5729182.06	9290217.63	-166 
2LAST0001	5586225.32	9367289.40	-361 
2LBST0001	5643899.14	9639091.92	-325.6 
1LJB0001	5196312.52	9422668.96	-613 
1LSM0001	5380524.86	9465217.07	-662 
1LUC0001	5422442.69	9457406.20	-608.9 
3LUC0002	5421169.00	9459080.94	-630.2 
4LUC0003	5428257.35	9459175.33	-636.4 
3LUC0004	5429045.45	9459873.43	-623.6 
4LUC0005	5431325.04	9459991.41	-608.3 
3LUC0006	5420716.58	9456563.53	-616 
3LUC0007	5427828.77	9460109.72	-613.6 
3LUC0008	5432485.96	9460622.60	-598.9 
3LUC0009	5434590.98	9460689.56	-588.6 
3LUC0010	5424880.51	9458316.62	-611.5 
3LUC0011	5426129.03	9461056.18	-619.9 
7LUC0012D	5421711.92	9458236.71	-652.4 
7LUC0013D	5428961.50	9460416.78	-627 
7LUC0014D	5425217.45	9459623.66	-721.9 
3LUC0015	5419736.04	9457633.40	-623.4 
7LUC0017	5426715.17	9460132.36	-620.3 
7LUC0018D	5422027.83	9456613.91	-708.7 
7LUC0019D	5427541.99	9460520.38	-642.3 
3LUC0020DP	5423569.42	9459218.24	-617.3 
7LUC0021	5425535.24	9459362.53	-593.6 
7LUC0022DP	5421772.56	9456954.63	-617.7 
3LUC0023	5435394.19	9461410.27	-605.3 
7LUC0024DP	5425516.26	9459261.80	-591.8 
7LUC0025	5422553.95	9458638.67	-622.8 
3LUC0026DP	5434999.99	9462033.78	-605.3 
7LUC0027	5428199.06	9461211.54	-619.5 
3LUC0028	5432376.25	9462186.82	-601.2 
7LUC0029H	5429140.03	9460909.48	-615.5 
9LUC0030D	5431805.32	9461467.49	-614.2 
7LUC0030HA	5431405.73	9461740.09	-614.2 
7LUC0030HP	5431739.40	9461519.78	-614.2 
9LUC0031D	5433442.12	9462596.15	-610 
7LUC0031HP	5433435.03	9462506.52	-609.5 
9LUC0032D	5430596.18	9461272.01	-612.1 
7LUC0032HP	5430551.50	9461318.19	-747.1 
3LUC0033	5436428.42	9464358.41	-612 
9LUC0034	5435836.40	9463276.22	-609.2 
9LUC0035	5436825.86	9463500.07	-602.9 
9LUC0036D	5434484.22	9462283.28	-603.8 
9LUC0037	5440200.45	9464267.67	-606.2 
9LUC0038	5437407.01	9462614.73	-650.7 
7LUC0039HP	5427649.10	9459735.77	-602.8 
8LUC0040	5426242.45	9457723.71	-601.9 
9LUC0041	5430660.97	9460697.15	-566.9 
9LUC0042	5435348.67	9461746.59	-592.5 
9LUC0043	5436276.09	9462528.95	-599.7 
9LUC0044	5429113.32	9459904.88	-615.2 
9LUC0045	5438844.13	9464292.18	-593.3 
9LUC0046	5434637.71	9460660.90	-590.2 
9LUC0047	5422375.77	9457390.57	-614.8 
9LUC0049	5437663.73	9463112.83	-607.29 
9LUC0051	5423967.32	9458736.97	-614.76 
3LUC0053D	5426042.26	9456968.71	-604 
1MG0001	5267634.92	9452915.41	-689 
1MR0001	5257569.42	9450293.32	-680 
1MUC0001	5396959.94	9434727.38	-633.5 
1MV0001	5237134.41	9424031.93	-666.5 
1MV0002	5266823.52	9429500.73	-692 
1MV0003	5226076.27	9424192.06	-589 
1NEJ0001	5314453.08	9482969.62	-676.3 
1NEJ0002	5311676.06	9480172.09	-673.8 
1NEJ0003	5313599.49	9479902.80	-666 
1NIT0001	5414656.06	9450342.16	-628 
1NMR0001	5144376.42	9413841.69	-539 
1NPN0001	5197256.64	9451298.11	-596 
1NSM0001	5378063.34	9480256.17	-682.1 
1PEV0001	5448031.65	9464477.25	-565.5 
2PMST0001A	5316997.44	9735395.11	-160 
1PN0001	5200951.60	9437546.57	-614 
1PQA0001	5461638.70	9486444.13	-605.6 
1PS0001	5135324.53	9403119.43	-496 
1PX0001	5157244.10	9404566.22	-460 
1PX0001A	5157164.09	9404566.22	-548 
1RA0001	5428638.01	9482832.16	-608.8 
1RA0002	5434448.72	9480643.51	-613 
1RBB0001	5151453.81	9420192.92	-570 
1RBI0001	5109733.45	9390800.73	-485 
1RBU0001	5274465.22	9583899.29	-498.3 
1RCA0001	5436586.77	9640095.93	-433 
1RCB0001	5411040.00	9575838.08	-559.4 
1RCO0001	5559015.52	9496785.83	-610 
1RCP0001	5320971.42	9540491.60	-624.5 
2RCST0001	4818064.81	9509035.37	-862 
2RJST0001	4645340.19	9472433.30	-1158.9 
1RIT0001	5459122.62	9460856.70	-558 
1RNI0001	5367688.44	9662743.14	-306.1 
1RRZ0001	5232017.76	9541258.05	-579.5 
1RT0001	5360301.03	9493728.03	-680 
1RT0002	5350935.84	9498119.00	-611.4 
1RUC0001	5409957.03	9458502.59	-598.5 
4RUC0002	5413967.32	9462763.07	-623.7 
3RUC0003	5408420.23	9457978.41	-644.5 
3RUC0004	5410501.67	9460698.79	-600.7 
4RUC0005	5411304.33	9455806.42	-597 
3RUC0006	5414535.07	9463956.58	-582.1 
3RUC0007	5407374.62	9456577.32	-620.3 
3RUC0008	5415778.25	9464455.11	-592.8 
3RUC0009D	5408302.15	9458747.96	-654.5 
4RUC0010	5414311.19	9460515.75	-618.2 
3RUC0011D	5417232.40	9466003.90	-612.8 
3RUC0012	5416216.58	9465576.67	-597.5 
3RUC0013D	5407819.42	9457524.91	-625.3 
3RUC0014D	5407097.57	9455655.76	-588.3 
4RUC0015A	5418443.54	9468367.82	-596.4 
3RUC0016D	5410315.29	9461403.35	-573.8 
3RUC0017D	5407046.93	9457514.70	-616.3 
7RUC0018D	5408259.83	9456897.13	-651.3 
3RUC0019D	5409128.61	9460645.80	-637.6 
3RUC0020	5412922.01	9465053.94	-617.4 
3RUC0021	5411945.47	9463049.75	-609.8 
3RUC0022DP	5412758.13	9465458.89	-617.4 
7RUC0023D	5412914.22	9463332.19	-609.8 
7RUC0024D	5411277.25	9462228.84	-613.8 
4RUC0025	5406459.71	9457946.25	-597.8 
7RUC0026D	5409140.88	9457734.17	-611.3 
7RUC0027	5414829.86	9465146.90	-601.3 
7RUC0028	5413555.95	9464550.07	-605.3 
3RUC0029	5411922.32	9460786.13	-597.3 
7RUC0030	5409126.89	9459764.83	-601.4 
7RUC0031	5412522.51	9463949.53	-606 
4RUC0032	5404601.23	9456088.13	-600.4 
7RUC0033D	5411020.32	9462610.58	-620.9 
7RUC0034H	5414325.64	9465102.06	-602.3 
7RUC0035D	5408563.23	9459286.33	-602.4 
3RUC0036	5409944.13	9453544.35	-577 
3RUC0037	5410413.26	9457280.73	-612.3 
3RUC0038	5416946.40	9463192.42	-619.8 
7RUC0039HP	5410018.17	9453707.57	-598 
9RUC0040	5412404.18	9462334.16	-599.5 
9RUC0041	5409277.57	9459309.21	-570.6 
9RUC0042	5412846.16	9459599.96	-622.5 
7RUC0042HP	5412945.18	9459663.08	-622.6 
9RUC0043	5415664.78	9465248.83	-605 
7RUC0043HA	5415592.25	9465186.86	-605 
7RUC0043HP	5415568.79	9465246.77	-605 
9RUC0044	5409665.69	9460869.91	-603 
7RUC0044HP	5409556.14	9460408.70	-602.5 
9RUC0045	5410436.42	9460736.03	-605.8 
3RUC0048	5417931.01	9466645.75	-601 
3RUC0049	5411589.77	9459304.62	-595.3 
1SB0001	5281792.11	9457092.94	-660.4 
1SMA0001	5452850.35	9465301.70	-558 
1SMT0001	5364722.31	9477025.07	-661.8 
1SMT0002	5370259.47	9473700.24	-648.4 
4SMT0003	5372598.98	9471296.74	-626.6 
6SMT0004	5367109.36	9474821.89	-687.9 
2SNST0001	5115606.86	9655958.87	-264 
1SOJ0001	5286096.42	9459271.34	-666.5 
2SRST0001	5339511.22	9667029.05	-277 
1SSM0001	5367985.81	9454269.89	-662.1 
1SUC0001	5406260.50	9446339.85	-600.8 
4SUC0002	5407361.55	9449628.67	-622.3 
3SUC0003	5409157.60	9452032.07	-621.5 
1TAQ0001	5351734.55	9482877.31	-663.1 
1TB0001	5683759.46	9452337.97	-345 
2TEST0001	5479702.44	9627897.12	-386 
1TM0001	5136518.13	9498523.36	-533.9 
2TUST0001	5276789.75	9517800.34	-655 
1UE0001	5217335.82	9441541.70	-619 
2REST0001	4782243.66	8971229.03	-470 
1BT0001	4536307.78	9245663.20	-2374 
1BT0002	4541296.84	9232405.44	-2181 
2CDST0001	4597770.16	9143871.84	-2307.7 
2INST0001	4634888.67	9198835.18	-2020 
2JMST0001	4529346.97	9085890.04	-2504.4 
1JQ0001	4545570.58	9306899.18	-2994.2 
1RM0001	4534920.85	9108251.65	-2294 
1RPX0001	4547966.00	9211642.33	-2593.4 
1RZ0001	4540012.06	9165457.50	-2469 
1SD0001	4517776.04	9092949.11	-2034 
1CS0003	5767539.08	9577483.48	-332 
2CSST0002	5763783.34	9574697.98	-336 
1ATZ0001	6012925.74	9535673.51	-417.5 
PANDOX-1	5114970.62	8716740.93	-497 
MANURIPIX-1	5092853.94	8716991.91	-608 
A_Iquitos1	4619388.13	9424922.61	-1158.4 
A_Iquitos2	5063201.23	8784353.00	-490.2 
tiputini1	4264169.17	9919439.75	-1312.5 
panacocha1	4210743.49	9961736.78	-2000 
s_roque2	4177623.43	9947883.84	-2375 
s_francisco1	4159208.51	9956164.06	-2562.5 
ind_itaya1	4148172.62	9947852.31	-2718.75 
primavera1	4135291.07	9945070.10	-2687.5 
culebra1	4120562.53	9947821.74	-2812.5 
coca1	4102144.47	9958880.65	-2562.5 
2SLST0001	5841601.58	9655746.61	-173.2 
2BIST0001	5846303.35	9565005.69	-328 
1RL0001	5858712.67	9497098.16	-267 
2PUST0001	5775260.61	9500509.37	-259 
2AIST0001	6002405.34	9391267.27	-100 
2AIST0002	6003402.67	9430738.84	-233 
2AAST0001	5963966.41	9449551.46	-200 
2IPST0001	5924154.46	9461886.90	-227.2 
2ICST0001	6008888.15	9476731.87	-280.4 
2TNST0001	5939346.46	9534026.58	-358.6 
1RCM0001	5930145.13	9564413.28	-309.6 
2LCST0001	5949772.05	9582214.50	-286.4 
1LC0002	5957518.22	9587493.52	-288 
1LJ0001	5911282.65	9591425.85	-266 
2IOST0001	5900787.32	9591179.94	-246 
2LMST0001	5935124.63	9606699.39	-243.6 
2MUST0001	5933195.23	9629723.92	-193 
1MU0002	5928924.92	9632243.63	-162 
1MU0003	5939083.68	9636070.70	-134 
1MU0004	5929268.64	9646788.53	-129 
2NOST0001	5939208.44	9651347.65	-148.4 
2SAST0001	5979427.68	9624504.83	-192 
1CS0003	5767481.05	9577443.28	-332 
2CSST0002	5763725.29	9574657.77	-338 
Loreto_1	4271141.39	9341944.33	-2257
Santa_Lucia_1	4329758.3	9290198.62	-2876
La_Fronteira	4371608.01	9299473.36	-2445
Orellana	4316768.59	9235870.54	-1505
Santa_Catalina_2	4294614.77	9260904.5	-2292
Huaya__3x	4316108.92	9208935.2	-1252
San_Alejandro_1	4328292.42	9019507.32	-1895
Chio_01x	4314498.71	9017634.48	-2666
sepa_1x	4513105.96	8777601.04	153
San_Matin_1X	4596604.12	8693971.24	0
Runuya_1X	4423708.57	8933211.21	-2579
Neshuya_5_1	4352659.52	9049845.52	-3015
Aguayita_1X	4314487.59	9068095.38	-2527
Conica_2X	4285054.36	9124557.87	-2125
La_Colpa	4508400.95	8966045.11	-1428
Oxapampa_19_2	4322975.47	8877557.06	-1207
Capahuari_Sur_2X	4169299.11	9689895.54	-3997
Chapuli	4101473.83	9603072	-5282
Bartra	4261431.18	9726574.97	-2222
Yanayacu_2X	4340577.17	9419253.52	-4372
Bretaña_1X	4408557.63	9420211.17	-3596
Zapote_3X	4416319.25	9397255.12	-3582
Tamanco_1X	4406128.14	9351566.26	-3525
Yarina_2X	4469125.3	9420017.81	-2924
Tapiche_2X	4449551.97	9346984.24	-3038
Palmera_4X	4442322.94	9334785.01	-3592
Santa_Elena_3X	4442381.72	9321217.3	-2978
Inf._Relatorio	4568669.29	9663529.16	-2089
Belen_4x	4382983.4	9593312.36	-2696
Yanayacu_27X	4339554.51	9452146.45	-4371
Concordia_17x	4357270.24	9498004.28	-4110
Maranon_110-1	4435038.53	9504034.89	-2804
Nahuapa_24x	4409520.91	9534222.32	-2952
Palmera-1	4189404.56	10124296.3	-1938
Caiman_-_4	4221861.592	10084100.34	-1380
Chambira_Este_1X	4297902.53	9559387.95	-4073
Corrientes_1X	4326897.7	9576029.81	-3489
Forestal_1X	4203530.98	9738878.04	-3076
Jibaro_1X	4217499.01	9696748.25	-3353
Mahuaca_1X	4187718.09	9498751.93	-5289
Piraña_1X	4212577.3	9721326.59	-1927
Shanusi_1X_(2X)	4215704.46	9338890.97	-2740
Valencia_1X_(25X)	4251623.11	9646736.23	-3367
Yañez_1X_(14X)	4116461.63	9658155.01	-5120
Tamaya	4432522.75	9022036.51	-2821
PLATANAL	4480853.23	8997541.55	-2643
POMPEYA1    4150784.1157    9948874.5347    -2829
SANFRAN1    4178205.7526    9947237.422 -2646
TANGAY1 4206855.224 9961562.1577    -2253
IPL-1    4093753.0   9697344.0   -4100
IPL-1    4117343.0   9718266.0   -4000
IPL-1    4104050.0   9742073.0   -3987
IPL-1    4108068.0   9812828 -3497
IPL-1    4146668.0   10070180.0  -1870
ALEA-1	4188576.386	10052256.88	-2470.38
AZUL_GRANDE-1	4150354.354	10033108.14	-2696.77
BURDWILDCAT-1	4143022.459	10067416.14	-2860.83
CAIMAN-1	4200629.852	10081967.37	-1982.99
CAIMAN-3	4203105.062	10083687.2	-1915.86
CAIMAN-4	4221861.592	10084100.34	-1448.95
CAIMAN-5	4181468.958	10074876.28	-2397.36
CEDRAL-1	4172066.53	10078870.28	-2597.61
COHEMBI-1	4165790.316	10038925.85	-2463.19
CURIQUINGA-1	4159007.908	10031295.56	-2587.76
DOLORES-1	4163584.339	10028807.8	-2480.75
HELEN-1	4143355.077	10055874.99	-2825.65
HORMIGA-1X	4122030.305	10052837.46	-2780.3
HORMIGA-4	4121105.01	10053872.66	-2863
LAS_CHICAS-1	4169690.69	10034331.8	-2680.33
LORO-1	4121145.516	10042574.87	-2744.41
LORO-10	4121516.493	10045927.46	-2762
LORO-9	4121137.17	10045632.9	-2701.94
LUCILLE-1	4149662.011	10073591.65	-2889.18
MANDARINA-1	4233141.129	10153921.68	-615.13
MANDUR-3	4204621.636	10085026.02	-1851.21
MANDUR-4	4221930.035	10084990.34	-1443.95
MANSOYA-1	4178170.892	10083604.69	-2426.66
MAXWILDCAT-1	4146043.961	10070287.2	-2892.86
MECAYA-1	4204692.335	10083817.78	-1807.66
MIRANCHUR-1	4158090.778	10062278.11	-2745.57
NANCY-1	4138570.682	10063026.72	-2892.94
PUTUMAYO-1	4148315.445	10045004.03	-2713.05
QUILILI-1	4170921.914	10063100.54	-2527.17
QUILILI-2	4169006.773	10061535.38	-2529.66
QUILLACINGA-1	4159894.655	10029120.96	-2558.44
RIO_SEVILLA-1	4227844.343	10079389.42	-1372.52
SAN_MIGUEL-1	4118280.903	10033958.82	-2801.91
SIBUNDOY-1	4173873.338	10077960.15	-2476.35
TAMBOR-1	4188418.911	10121012.34	-2197.64
TEMBLON-1X	4129602.955	10033040.83	-2783.39
UMBRIA-1	4160506.16	10093097.31	-2929.88
